$ANSIBLE_VAULT;1.1;AES256
66353039613535346263363164346462613038393166633637393265663935306533666165373438
6334393930393962363035346230373765323937626631370a333136336664346161643034363639
39623763343166363730646136633166646537306265386632663334333266363837383039623362
3537353236303637340a643963623633353433313332623334393561656131623934393262623637
32333938303738643062666537386561333066313231353536666337616533626230343764666436
61633536366162333038363735313934623832323930646661656638333230323136376637663761
39623038306433643364303339303662643163316138346539326235366132633762613434333732
38633765323532313839633665356365633831373136663836613465303466326531323636353534
63333966303330376231623537636463626564363030383664643732383565643938623631323539
38343138333437643231626536363434326636636133383730303934626530323738666337353335
35626566386366663531306230306334353331616437383339643763663861313964616236646631
38336539323035363130643166336539623063363362346634656664343335623238666362313934
64303333393365376637346464613361666330396563353465646337646234366132626562663861
34353462623333326361636239396332306465626634316565646662353065353166393838363232
666539373837613331303034323762383365
