$ANSIBLE_VAULT;1.1;AES256
62616562353261393838643433646461323733646264383635666536326533323733373734343734
3734646331623261653530656264333837396436326164610a386439393865343238323261393335
61323362373730353037623566346266653663353634376466653732313661313761646464626134
3335666166616630320a623831633036633934643166663232356661616164666166393036363633
39366162363438666664313765313861363636633439356333383338353633623063306662353436
65343436666638623534396164653762633161323533653739376435316331643830353938623139
61323166383934656635393466363430366362313235373861613261393565316637626632313663
65363932383136646339666261623233663166643730356638333336663839386239333662396431
36623865376130373062663433623966646439303635323962646237653365343232303132373038
38353561346333393062363534396265656236383361396238623536316335313231323033623762
39323035633662333634366262333839353162663363666631666265303039366666366632316430
62613061333131353934383466313435616534366562396662306438303164623037323634353561
65353239666132613064346638626434326538346236656639636331383461616433393231306536
35343561636335663335636463303966646634396139646666346364386464336266303630316466
32313766643661313631653837623565306632333565393037316561356233303537376163303635
38313233343166316635313661303862303861356466383835633632336632333166316236656534
33306133346130663365316633313463333631333539363964616235336339303338353635346430
61626634616132623961323730323161663835643965663432346130616433613336613964643066
36326635313065633966326565616466366561613832356530663563653766393539633162643333
62653737623864633761323964643537326231383165303765376530333462393265313364623138
39363864316437373236333464313430386364633234323836626264373137626563623133343166
36353031633664363964366562383235383062323364396436386136366662343565633038333362
63646365303431653636633934303032613435333734653734323134386331613162373933323132
66346265323362336536363534633537653132653337653364333461303232653064333237306438
61623763323363663239303431633831646336303138393466303332666266306163353034366334
35386530656666366463323436656130336237396430396339343031393061656435373136303938
36333337626332353962636535623566343862306136376462616537623737303136373233343337
37353635356230653734323737366134356264323166353536643964343333316135306630623330
65383266393466656565366234366566356563356366343835373866643361343335353635376536
63353235336539363639396636346531626535613738646233623037386235396237613737663435
36303364323236396439396633353730623763366434383863363262613934666530396263386561
35343537303466653531353634363734353232626436633333306438323861626263623861366237
66386637666636373131393635353035333661303566373232343735393431646466663437666135
38316638376364613565633664653466346334393637373463366336643963343862343463626633
32306165353232643730313537616335656635303264376537663561376331396665366533646563
64383463383365623938373064373730613936363364363063643166653365643638373464366638
30373965623431666164343462376633643436633063396536626663303936343038313131343630
35323738646538356530636462333361643464316162636462346231636233613338373339363030
66636430313839353562643931633261386439363533653461393935313039393332363732396164
66613236383932306230336430613265623730313133613161656333363764653465613566326231
31306661343763613031303064343463616562643433613439636139623536336565613563336464
32646264333835313637343964306432373462396562626332363565313838306666363563633963
36353632316635383664643864313637663534336462616139646166383262326132646430373732
34393336666562613231366239313037353239666463633031323638663832653864363436623965
36363263643738653135316566663133383834393531643166633830383139373261663037323132
63643939666165303966663064323335326464346536306430643733366464653834323934336534
65323732383336306165373531643230626662373337636466656433646631383130363731663363
64303361656230373831383064323336636164323765303262316331663137396563306133656163
62663230633764623130623437303861383764633537656135383833653837323139393636313733
35613161306165386337663437633962616432343462336263326232373238646433396130653330
61616239656130373461616430393561623039343962303563343461393734643464303035613066
30393730366139366561653666336465643833326161303032333964346538383530376339373734
33356665303832343236653135373230616434343834633262623666333034636133383333313066
31313132663765616334643465643263656239343665306639656331363237616161636633383533
62656335666161633738633338613231616438326630363431363033363862333137396435653564
65343562336334633563633761373461363938663763633962383833643938336564316364363139
34373764633039303339333632626661323333643536613561393062636231303438636464646537
61613037376536303830633064336161613432623663623735323037393537656130373736313131
35396537613636333238313039666465373138316365646334313561333235393332353764343163
62356565316138323636636131323334653739383463626336633536303034636162666232633139
32323135383238333437303739346631333962646435643838323831373831666661373339366235
31356330326562313362376132633939373131363161396438373937363066333530326631346261
66303964346162386336663535613862656166346433623461353465373732333239633661623133
36643939323034653730626132303231383636346331376264333830353836623139613636663933
64313663376332303661353539623736396164336339343534663033646630356463323738386538
33303361336137346263656261303938303932323331326536353139346537373739333265333263
33316462646131396238333162393332383734383835383331313337663862663837343931323938
33343034356330346634366633346633386164323336343432313036343562616264623830386363
36366135343661343237396161303361626263313066373031316537333334353737373838653834
62353361353033653265633462373435353932393762366638303434326137616535316265663033
36613730356661396131376232366561313661326331653230313963353835373931386461333834
38363832366661303364633538653738623664666431356165626232323663343732656462383339
30396436643934346365623064366338323335363132623731356663363638323339643933363666
62643431373332636131363361383461373738666535346535643733623365396661653065666664
34303836626239386439316637656534393066386230653666383733646438626436333134303563
38303738666563356234626235613562666364303564326535363533613536646661633364376631
34393266353031343130663334653536656233663035363861663266343435626435326265363664
63316434333864613666623930613163373162626634643465303364343032383530393961343261
33666631626662373231313438323630366439646631623761646332376265613265633366626330
64333939383933633763333139666466626339656537626434356261313332396436313966333232
34313232613831373330656562643038393138336435343765326635656165356436633634383737
6139376431633564396330613566316533393237353737366236
